1[1, 1, 1, 475, 1]
2[2, 2]
3[3, 3, 400, 3, 3, 3, 3, 3, 3, 3]
4[4, 4, 497]
5[5, 5, 5, 5, 5, 5, 5, 5]
6[6, 6, 310, 6, 6, 6, 6, 6, 310, 6, 6]
7[7, 421]
8[8, 8, 8, 8, 8, 8, 8, 8, 8]
9[9, 9, 202, 9, 75]
10[10, 10, 10, 10, 47, 10, 10, 10, 10, 10, 348, 10, 25]
11[11, 11, 11, 11, 11, 11, 11, 479, 11, 11, 11]
12[12, 12, 12, 12, 12, 12, 12, 12, 12, 12]
13[13, 226, 13, 482, 13, 13, 13, 405, 13, 205, 13, 13]
14[14, 89, 14, 14, 180, 14]
15[15]
16[16, 220, 16, 16, 16, 16, 294, 16, 16]
17[17, 17, 17, 17, 140, 197, 377, 17, 17, 332]
18[18, 18, 18]
19[19, 47, 19, 269, 19]
20[20, 20, 24, 20, 138, 20, 20]
21[21, 21, 21, 341, 21, 21, 21, 96, 21]
22[22, 22, 22, 275, 22, 22, 22, 207, 22, 22]
23[23, 23, 275, 23, 23, 23]
24[24, 78, 24, 24, 24, 20, 24, 24, 24, 24, 284, 24, 24]
25[25, 25, 25, 10, 25]
26[26, 26, 26, 26, 26, 29, 26, 26, 26, 26, 447]
27[27, 27, 126, 140, 27, 321, 27, 27, 161, 27, 27]
28[28]
29[29, 370, 29, 29, 413, 29, 391, 26, 29, 29, 29, 29, 29, 396]
30[30, 98, 30, 345, 485, 30]
31[31, 31, 31]
32[32]
33[33, 33, 33, 33, 193]
34[34, 34, 34, 34, 34]
35[35, 35, 35, 35]
36[36, 390, 36, 261, 36, 213, 36, 36, 485, 36, 36]
37[37, 37, 37, 37, 37, 37, 37, 238]
38[38, 38, 38, 38, 38, 38, 38, 38, 38, 364]
39[39, 39]
40[40, 40, 40, 40, 40, 40, 264, 40, 40, 40, 50, 40, 363, 402]
41[41, 41, 41, 41, 41, 41, 41]
42[42]
43[43, 43, 93, 43, 43, 43, 43, 179, 43, 456, 43, 297, 43]
44[44, 63, 424, 44, 44, 44, 68, 44, 44]
45[45, 45, 45, 45, 45, 45, 45, 45]
46[46, 46, 102, 46, 46, 46, 46, 46, 440, 46, 46, 90, 466, 46]
47[47, 47, 19, 47, 10, 47, 47, 47]
48[48, 48, 48]
49[49, 215, 49]
50[50, 50, 40, 50, 50, 50]
51[51, 285, 51, 51, 51, 51]
52[52, 52, 52, 496]
53[53, 53, 53, 53, 53, 388]
54[54, 54, 54, 458]
55[55, 55, 55, 367]
56[56, 56, 56, 56, 56, 56, 171]
57[57, 57, 64, 146, 57, 268, 283, 57, 57, 57, 57, 57, 67, 57, 57]
58[58]
59[59, 354]
60[60, 60, 60, 278, 60, 60, 162]
61[61, 61, 311, 61, 296, 61, 61, 61]
62[62, 62, 296, 307, 415, 62, 62, 62]
63[63, 63, 44, 63, 424, 63, 63, 63, 63, 63, 63, 118, 63]
64[64, 57, 64, 146, 64, 64, 64, 64, 319, 64, 64]
65[65, 475, 65, 65]
66[66, 66, 66, 66, 66]
67[67, 113, 57, 67, 67]
68[68, 386, 68, 68, 68, 44, 68, 68, 457, 68, 68]
69[69, 69, 69, 69, 69, 174, 69, 69, 69, 264, 69, 69]
70[70, 70]
71[71, 71, 71]
72[72, 72, 72]
73[73, 73, 73]
74[74, 74, 74]
75[75, 75, 408, 75, 75, 9, 75, 75, 423, 75]
76[76, 351, 76]
77[77, 77, 345, 77, 77, 77, 179, 77]
78[78, 24, 78, 78, 78, 78, 155, 78, 78, 78]
79[79, 79, 79, 79, 79]
80[80, 80, 80, 80, 80]
81[81, 81, 81, 81, 81, 297, 81]
82[82, 82, 82, 493, 82]
83[83, 83, 83, 83, 83, 83, 83, 83, 83]
84[84, 84, 84, 84, 132]
85[85]
86[86, 377]
87[87, 87, 87, 87]
88[88, 88, 88, 334, 88, 88, 276, 88, 88, 170, 88]
89[89, 89, 14, 89, 89, 89, 89, 89, 89, 89, 89, 330]
90[90, 90, 90, 460, 483, 90, 90, 90, 90, 90, 46, 90, 466, 90]
91[91, 91, 91, 91, 335, 91, 315, 91, 381, 91, 91]
92[92, 337, 92, 121, 92, 92]
93[43, 93, 93, 93, 93, 93]
94[94, 96, 94]
95[95, 95, 95, 95, 234, 95, 143, 95, 347, 95, 95]
96[96, 94, 96, 96, 298, 96, 96, 96, 96, 21, 96, 96, 96]
97[97]
98[30, 98, 98, 98, 385, 98, 98, 98, 98]
99[99, 99, 99, 99, 99, 414, 458, 99]
100[100, 178, 100, 100, 100, 100]
101[101, 101, 101, 430, 101, 101]
102[102, 102, 46, 102, 102, 144, 102, 102, 102, 102, 102]
103[103, 103, 103, 103, 103, 103]
104[104, 243, 104, 104, 104, 104, 104]
105[105, 105, 105, 105, 105]
106[106]
107[107, 107, 107, 172, 107, 217, 107, 107, 107, 107, 112, 107, 107, 389, 395]
108[108, 108, 119, 108, 108, 275, 108, 108, 108]
109[109, 109, 109, 109, 109, 109, 109, 109, 430]
110[110]
111[111, 111, 111, 331, 111, 111, 111, 111, 111, 111, 226, 111]
112[112, 112, 107, 112, 112]
113[67, 113, 113, 113, 155, 172, 113, 113]
114[114, 114]
115[115, 115]
116[116, 116, 361, 116, 116]
117[117, 451, 117, 117, 117, 117, 117, 117, 481]
118[118, 202, 118, 118, 118, 63, 118, 118, 118, 118]
119[119, 119, 225, 119, 160, 108, 119, 119, 119, 185, 119, 119, 119, 240, 119]
120[120, 120, 322, 120, 120, 120]
121[92, 121, 121]
122[122, 122, 122, 122, 122]
123[123, 123, 123, 123, 123, 123, 474, 123, 123]
124[124, 379, 124, 124]
125[125, 146, 125, 125, 125, 455, 125, 125, 125, 125]
126[27, 126, 140, 126, 126, 126, 400, 413, 126, 126, 126]
127[127, 127, 167, 127, 127, 258, 127, 127, 127]
128[128, 128, 128, 128, 218]
129[129]
130[130, 130, 130, 287, 130, 203, 130, 130, 130, 130]
131[131, 460, 131, 131, 131]
132[132, 84, 132, 132, 133]
133[133, 133, 133, 133, 133, 132, 133, 133]
134[134, 134]
135[135, 135, 135, 135, 135, 135, 135]
136[136, 297]
137[137, 137, 272, 137, 137]
138[138, 138, 20, 138, 138]
139[139, 139, 139, 255, 272, 428, 139, 139, 380]
140[140, 140, 27, 126, 140, 140, 140, 17, 140, 197, 377, 140, 140, 140]
141[141]
142[142, 476, 142]
143[143, 343, 143, 376, 143, 143, 95, 143, 143, 143, 143]
144[102, 144, 144]
145[145, 145, 145, 145, 145, 145, 145, 145, 360, 145, 200]
146[146, 146, 125, 146, 146, 57, 64, 146, 146, 146, 146, 146, 146]
147[147]
148[148, 148]
149[149, 149, 149, 149, 343, 149, 149, 149, 149, 149, 149, 446]
150[150, 150, 150, 150, 150, 150, 150, 426, 150, 150, 150, 222, 477]
151[151, 151, 151, 441, 151, 151, 201, 280, 151, 151, 151, 151, 255]
152[152, 152, 152, 152, 276, 152, 152, 152, 152, 152]
153[153]
154[154, 446]
155[155, 281, 113, 155, 172, 155, 155, 155, 78, 155]
156[156, 264]
157[157, 274, 157, 157]
158[158, 158]
159[159, 159, 159, 159, 159, 159]
160[160, 119, 160, 160, 160, 160, 160]
161[161, 27, 161, 161]
162[162, 162, 162, 60, 162]
163[163, 163, 163, 163, 163, 163, 163, 163]
164[164, 164, 291, 164, 316, 164, 453, 164, 164, 164]
165[165, 165, 165, 165, 165, 165, 165, 165, 165]
166[166, 166, 166, 166, 166, 166, 166, 166]
167[167, 127, 167]
168[168, 168, 168, 168, 168, 352, 168, 168, 168, 473]
169[169, 296, 169, 169, 169, 169, 435, 169, 169]
170[170, 170, 170, 170, 170, 232, 170, 170, 88, 170]
171[171, 171, 56, 171]
172[107, 172, 172, 113, 155, 172, 172, 172, 172]
173[173, 173, 173, 173, 173, 173]
174[174, 69, 174, 174, 174]
175[175, 175, 175, 175]
176[176, 176, 205, 176, 459, 176, 373, 176]
177[177, 282, 177, 177, 177, 177, 177, 307, 329]
178[100, 178, 178, 178, 178, 178, 178, 178, 486, 178, 178, 178]
179[43, 179, 77, 179, 179, 179, 450]
180[180, 180, 180, 180, 180, 180, 14, 180, 180, 398, 180, 180]
181[181]
182[182, 182, 292, 182, 182, 182, 182, 182, 182]
183[183, 321, 183, 183, 183, 183, 183, 183, 448]
184[184, 184, 184, 184, 298, 184, 184, 184, 184, 184]
185[185, 185, 185, 185, 185, 185, 119, 185, 185]
186[186, 186, 186, 212, 186, 186, 186]
187[187, 476, 187, 187]
188[188, 200, 402, 188]
189[189, 189, 414, 189, 189, 189, 215, 473, 189, 189, 189, 189]
190[190, 190, 190, 190, 190]
191[191, 191, 191, 191, 226, 321]
192[192, 322, 192]
193[193, 33, 193]
194[194, 194, 194]
195[195, 195, 195, 195, 363, 195, 195, 195, 195]
196[196, 196, 196, 196, 196, 297]
197[197, 197, 197, 197, 17, 140, 197, 377, 197]
198[198, 198, 198, 198, 198, 330, 198, 198]
199[199, 199, 406, 423, 199, 200, 199, 199, 199, 199]
200[200, 188, 200, 402, 200, 199, 200, 200, 397, 200, 145, 200]
201[201, 201, 384, 201, 151, 201, 280, 201, 201]
202[202, 118, 202, 202, 202, 9, 202]
203[130, 203, 203]
204[204, 204, 204, 204, 204, 204]
205[205, 13, 205, 176, 205]
206[206, 206, 206, 315, 206]
207[207, 331, 207, 22, 207, 207]
208[208, 291, 208, 240, 208]
209[209, 209, 476, 209, 209, 486, 209, 460]
210[210]
211[211, 394, 211, 211]
212[212, 212, 186, 212, 212]
213[213, 476, 36, 213, 213, 213]
214[214, 214, 214, 214, 214, 214, 214]
215[215, 215, 189, 215, 473, 215, 215, 49, 215]
216[216, 216, 216, 216]
217[217, 417, 217, 217, 107, 217, 217, 217, 217, 217, 217, 217, 433]
218[218, 318, 218, 376, 474, 218, 218, 128, 218]
219[219, 399, 219, 219, 219]
220[220, 16, 220, 220, 220, 220, 220, 220, 220]
221[221]
222[222, 150, 222, 477]
223[223]
224[224, 224, 224]
225[225, 225, 119, 225, 225, 225, 225, 467, 225, 327, 225, 231, 225, 225]
226[226, 13, 226, 226, 111, 226, 191, 226, 321]
227[227, 227, 346, 227, 227, 227, 227, 422, 227, 227]
228[228, 228, 434, 228]
229[229, 229, 229, 229, 229, 229, 425, 229, 229, 229]
230[230, 230, 334, 230, 230, 230, 230, 473, 230, 230]
231[231, 231, 231, 372, 231, 225, 231, 231, 231]
232[232, 232, 232, 232, 232, 232, 170, 232, 232, 232]
233[233, 233, 233, 233, 233, 233, 233, 233, 233, 233, 234]
234[234, 234, 399, 95, 234, 234, 234, 234, 331, 234, 234, 233, 234]
235[235, 235, 235, 235, 459, 235]
236[236, 236, 236]
237[237, 237, 237]
238[37, 238]
239[239, 328, 239, 239, 239, 382]
240[208, 240, 240, 240, 391, 240, 240, 240, 240, 467, 240, 240, 438, 119, 240]
241[241]
242[242, 242, 242, 242, 242]
243[243, 243, 405, 243, 104, 243, 243, 243]
244[244]
245[245]
246[246, 246, 246]
247[247, 247, 247, 247, 247, 274, 247]
248[248, 248, 248, 248, 248, 248]
249[249, 249, 249, 249, 249, 249]
250[250, 458, 250]
251[251, 251, 251]
252[252, 252, 252, 252, 252, 363, 252, 252]
253[253, 466, 253, 253, 253, 253, 253, 253, 253, 459, 253]
254[254, 254, 254, 254, 254, 254, 315, 254, 254, 254]
255[255, 255, 255, 139, 255, 272, 428, 255, 255, 319, 151, 255, 255]
256[256]
257[257, 257, 257, 257, 257, 257, 257, 257, 380, 257]
258[258, 258, 127, 258, 258]
259[259, 259, 259, 476]
260[260, 260, 260, 260, 260, 260, 260, 260, 260]
261[261, 322, 410, 36, 261, 261, 261, 261]
262[262, 326]
263[263, 263, 263, 263, 263, 263, 263, 263]
264[264, 69, 264, 156, 264, 40, 264, 264]
265[265, 265, 265, 265, 265, 265]
266[266, 286]
267[267, 411, 267, 267, 371, 267, 267, 267, 267]
268[57, 268, 283, 268, 268, 268, 268, 268, 268]
269[19, 269]
270[270, 299, 270, 413, 270, 270, 270, 270, 270, 270, 270, 270]
271[271, 271]
272[137, 272, 139, 255, 272, 428, 272, 272, 272, 451, 272, 272, 331]
273[273, 429, 273, 273, 273, 273]
274[274, 157, 274, 274, 274, 274, 274, 247, 274]
275[275, 379, 22, 275, 23, 275, 108, 275, 275, 275, 275, 275, 275]
276[276, 276, 152, 276, 276, 88, 276]
277[277, 291, 277, 277, 277, 279, 277]
278[60, 278]
279[279, 279, 379, 279, 279, 279, 277, 279, 279]
280[280, 280, 321, 280, 283, 354, 151, 201, 280, 280, 280]
281[281, 155, 281, 281, 281, 281]
282[282, 282, 354, 355, 177, 282, 282, 282, 282, 282, 396]
283[57, 268, 283, 283, 280, 283, 354, 283, 283, 283, 283, 283]
284[284, 284, 426, 284, 284, 284, 24, 284]
285[51, 285]
286[286, 286, 286, 266, 286, 286, 286, 286]
287[287, 130, 287, 287]
288[288, 288]
289[289]
290[290, 290]
291[208, 291, 291, 291, 291, 277, 291, 164, 291, 291, 291, 291]
292[182, 292, 292, 292, 292, 292]
293[293, 293, 411, 293, 293]
294[294, 294, 294, 294, 294, 294, 16, 294, 294]
295[295, 295]
296[296, 296, 169, 296, 296, 296, 436, 296, 62, 296, 307, 415, 296, 61, 296, 296]
297[136, 297, 297, 297, 297, 297, 297, 81, 297, 297, 196, 297, 43, 297]
298[298, 298, 392, 96, 298, 298, 298, 184, 298, 298]
299[299, 299, 270, 299, 299, 413, 299, 299, 299]
300[300]
301[301, 301]
302[302, 302, 302, 302, 430, 302, 302]
303[303, 303, 303, 303, 303, 303, 303, 371, 303, 303]
304[304, 304, 304, 304, 304, 304, 304, 304, 304, 304]
305[305]
306[306]
307[307, 62, 296, 307, 415, 307, 499, 307, 177, 307, 329]
308[308, 308, 308, 308]
309[309, 309, 309, 411]
310[310, 6, 310, 310, 310, 310, 310, 310, 6, 310]
311[311, 311, 311, 311, 438, 61, 311, 311, 311, 311]
312[312]
313[313, 313, 313, 313, 313, 313, 313, 313, 313, 313]
314[314]
315[315, 254, 315, 315, 315, 206, 315, 315, 91, 315, 315, 315, 315]
316[316, 316, 164, 316, 316, 316, 316, 316, 316, 317, 316]
317[317, 316, 317]
318[218, 318]
319[319, 319, 319, 319, 324, 64, 319, 319, 255, 319]
320[320]
321[321, 183, 321, 321, 280, 321, 321, 27, 321, 321, 191, 226, 321, 321, 321]
322[120, 322, 261, 322, 410, 322, 192, 322, 322, 322, 322, 322, 322]
323[323]
324[324, 324, 496, 319, 324, 324]
325[325]
326[262, 326]
327[327, 327, 327, 225, 327, 327, 327]
328[239, 328, 328, 328, 328]
329[329, 329, 329, 329, 348, 177, 307, 329]
330[330, 330, 198, 330, 330, 330, 330, 89, 330, 330]
331[207, 331, 331, 111, 331, 331, 234, 331, 331, 331, 272, 331, 331, 445]
332[332, 332, 452, 332, 332, 332, 17, 332, 332, 332, 332, 332]
333[333, 333, 333, 401, 333, 333, 333, 333, 333, 333, 333]
334[334, 485, 230, 334, 334, 334, 88, 334, 334, 334, 334, 334, 430, 334]
335[335, 91, 335, 335]
336[336, 336, 336]
337[92, 337, 337, 337]
338[338, 338, 338, 338]
339[339, 339, 339, 339, 339]
340[340, 340, 340, 340]
341[341, 400, 21, 341, 341, 341]
342[342, 342, 342, 342, 342, 469, 342]
343[143, 343, 149, 343, 343, 343, 343, 343, 343]
344[344, 344, 344, 344, 344, 344, 344]
345[345, 345, 468, 345, 30, 345, 485, 77, 345, 345, 345, 345, 345, 345]
346[227, 346, 346, 346, 346, 346, 346, 346, 476]
347[347, 347, 347, 95, 347, 347, 482]
348[348, 348, 348, 348, 348, 348, 329, 348, 10, 348, 348, 348]
349[349, 349]
350[350, 350]
351[351, 76, 351, 351, 351]
352[352, 168, 352, 352, 352]
353[353, 353]
354[282, 354, 355, 280, 283, 354, 354, 354, 405, 59, 354]
355[282, 354, 355, 355, 355, 355, 355, 355, 355, 355]
356[356, 356]
357[357, 357, 357, 357, 357]
358[358]
359[359, 359, 359, 359]
360[360, 360, 360, 360, 360, 360, 360, 145, 360, 360]
361[116, 361, 361, 361, 361, 361, 361]
362[362, 362, 362, 362, 362, 362, 362, 362, 362, 362]
363[363, 363, 195, 363, 252, 363, 363, 363, 40, 363, 402]
364[364, 409, 364, 364, 364, 488, 364, 364, 38, 364, 364]
365[365]
366[366]
367[367, 367, 367, 367, 367, 55, 367, 367]
368[368, 368, 368, 368, 368]
369[369, 369, 369, 369, 369, 369]
370[29, 370]
371[371, 371, 267, 371, 371, 371, 371, 371, 303, 371, 371]
372[231, 372, 372, 372, 372, 372]
373[373, 424, 373, 373, 373, 373, 176, 373, 373, 373, 373]
374[374]
375[375, 375, 375, 375, 375, 375, 375, 375, 375, 375]
376[376, 218, 376, 474, 376, 143, 376, 376, 376, 376, 376]
377[377, 377, 86, 377, 17, 140, 197, 377, 377, 377]
378[378, 378, 378, 378]
379[275, 379, 379, 379, 124, 379, 379, 489, 379, 379, 279, 379, 379, 500, 379]
380[380, 380, 139, 380, 257, 380, 380]
381[381, 381, 381, 381, 91, 381, 381, 381]
382[382, 382, 382, 382, 382, 382, 239, 382, 382]
383[383]
384[201, 384]
385[385, 458, 385, 385, 385, 98, 385, 385, 385, 385, 486]
386[386, 68, 386, 386, 475, 386, 386, 386, 386, 386]
387[387, 387, 387, 387, 387, 387]
388[53, 388, 388, 388, 388, 388, 388, 388, 388, 388]
389[389, 389, 389, 389, 389, 389, 107, 389, 395]
390[36, 390, 390, 390, 390, 390, 390, 390, 390, 390, 390]
391[391, 391, 391, 240, 391, 391, 29, 391, 391, 391, 391]
392[392, 298, 392, 392, 392, 392, 392, 392, 392, 392]
393[393, 393, 489]
394[211, 394, 394, 394]
395[395, 395, 395, 107, 389, 395, 395, 395, 395]
396[396, 396, 396, 29, 396, 282, 396]
397[397, 397, 200, 397]
398[398, 398, 398, 180, 398, 398, 398]
399[219, 399, 399, 234, 399, 399]
400[400, 400, 341, 400, 3, 400, 126, 400, 413, 400, 400, 400, 400]
401[401, 401, 401, 401, 401, 401, 401, 333, 401, 401, 401]
402[402, 402, 188, 200, 402, 402, 402, 402, 40, 363, 402]
403[403, 403]
404[404, 404, 404, 404, 404, 404, 404, 404, 404]
405[405, 243, 405, 405, 13, 405, 354, 405]
406[199, 406, 423, 406, 406, 406]
407[407, 407]
408[408, 455, 75, 408, 408, 408, 408, 408]
409[364, 409, 409, 409, 409, 409, 409, 409, 409]
410[261, 322, 410, 410, 410, 410, 410]
411[267, 411, 411, 293, 411, 411, 309, 411, 411]
412[412, 412, 412]
413[270, 413, 29, 413, 299, 413, 413, 126, 400, 413, 413, 413, 413]
414[189, 414, 414, 414, 414, 414, 414, 99, 414, 458, 414, 414, 414]
415[62, 296, 307, 415, 415]
416[416, 416, 416, 416, 416, 416, 416]
417[217, 417, 417]
418[418]
419[419, 419, 419, 419, 419]
420[420, 420]
421[421, 421, 421, 421, 421, 421, 421, 7, 421]
422[422, 454, 422, 227, 422, 422]
423[423, 199, 406, 423, 423, 423, 423, 423, 75, 423, 423]
424[424, 44, 63, 424, 373, 424, 424, 424, 424, 424, 424, 424]
425[425, 425, 425, 425, 425, 229, 425]
426[284, 426, 426, 482, 426, 426, 426, 150, 426, 426, 426]
427[427]
428[139, 255, 272, 428]
429[429, 429, 273, 429, 429, 429, 429, 429, 429, 429, 429]
430[430, 430, 101, 430, 430, 430, 302, 430, 430, 334, 430, 109, 430]
431[431, 431, 431, 431, 431, 431]
432[432]
433[433, 433, 433, 217, 433, 433]
434[228, 434, 434, 434, 434, 434, 434, 434, 434]
435[435, 435, 435, 169, 435]
436[436, 296, 436, 436]
437[437]
438[438, 311, 438, 438, 438, 240, 438, 438]
439[439]
440[440, 440, 440, 440, 46, 440, 440]
441[441, 441, 441, 441, 151, 441, 441, 441, 441, 441]
442[442]
443[443, 443, 443, 443, 443]
444[444, 444, 444, 444]
445[445, 331, 445]
446[446, 446, 154, 446, 446, 446, 446, 149, 446]
447[447, 447, 447, 447, 447, 447, 447, 26, 447, 447]
448[448, 448, 448, 448, 448, 448, 448, 448, 183, 448]
449[449]
450[450, 450, 450, 179, 450]
451[451, 451, 117, 451, 272, 451]
452[452, 452, 452, 452, 452, 452, 332, 452]
453[453, 453, 453, 453, 453, 164, 453, 453]
454[422, 454, 454]
455[408, 455, 455, 455, 125, 455, 455, 455, 455, 455]
456[456, 456, 43, 456]
457[457, 457, 457, 457, 457, 457, 490, 68, 457, 457]
458[385, 458, 458, 458, 458, 250, 458, 458, 458, 99, 414, 458, 458, 54, 458]
459[459, 459, 459, 235, 459, 176, 459, 253, 459]
460[460, 131, 460, 90, 460, 483, 460, 460, 460, 460, 209, 460]
461[461]
462[462, 462, 462]
463[463]
464[464, 464, 464, 464]
465[465, 465]
466[466, 253, 466, 466, 466, 466, 466, 46, 90, 466]
467[467, 467, 467, 467, 225, 467, 467, 240, 467, 467, 467, 467]
468[468, 468, 468, 345, 468, 468, 468]
469[469, 342, 469]
470[470]
471[471]
472[472, 472]
473[189, 215, 473, 473, 473, 473, 230, 473, 473, 168, 473]
474[218, 376, 474, 474, 474, 474, 474, 123, 474, 474, 474]
475[65, 475, 475, 475, 386, 475, 475, 475, 475, 1, 475]
476[213, 476, 476, 476, 142, 476, 187, 476, 476, 209, 476, 346, 476, 259, 476, 476]
477[477, 477, 477, 477, 480, 477, 477, 477, 150, 222, 477]
478[478, 478, 478]
479[479, 479, 479, 479, 479, 479, 11, 479, 479, 479]
480[480, 477, 480, 480, 480, 480]
481[481, 481, 481, 481, 117, 481]
482[13, 482, 426, 482, 482, 347, 482, 482]
483[483, 496, 483, 483, 90, 460, 483, 483, 483, 483, 483]
484[484, 484, 484]
485[485, 334, 485, 30, 345, 485, 485, 485, 36, 485, 485, 485, 485]
486[486, 486, 209, 486, 486, 486, 178, 486, 385, 486, 486]
487[487]
488[488, 364, 488]
489[489, 489, 489, 489, 379, 489, 489, 489, 489, 491, 393, 489]
490[490, 490, 490, 490, 457, 490]
491[491, 491, 489, 491, 491]
492[492, 492]
493[82, 493, 493, 493, 493, 493, 493]
494[494]
495[495, 495]
496[496, 483, 496, 52, 496, 324, 496, 496, 496, 496]
497[497, 4, 497]
498[498, 498, 498, 498, 498]
499[499, 499, 499, 499, 499, 307, 499, 499, 499]
500[500, 500, 500, 500, 500, 379, 500, 500, 500, 500]
