(77,58)[227]
(43,84)[479]
(43,83)[133]
(43,80)[38]
(77,60)[10]
(77,50)[189]
(77,49)[263]
(77,53)[489]
(77,75)[119]
(43,100)[159]
(43,99)[149]
(77,69)[408, 455]
(34,6)[27]
(34,1)[189, 414]
(77,94)[416]
(77,93)[321]
(34,2)[17]
(34,13)[41]
(34,11)[220]
(34,20)[47]
(34,17)[196]
(77,99)[207, 331]
(34,28)[135]
(77,96)[127]
(77,100)[450]
(68,14)[299]
(68,12)[150]
(34,45)[484]
(68,3)[217, 417]
(68,7)[496]
(34,55)[30, 98]
(68,31)[371]
(34,63)[429]
(68,22)[48]
(68,43)[352]
(34,64)[130]
(34,67)[371]
(34,77)[455]
(68,34)[163]
(34,78)[102]
(68,33)[170]
(34,87)[293]
(68,57)[448]
(34,80)[168]
(68,61)[212]
(34,93)[225]
(68,50)[133]
(68,51)[199]
(68,54)[65, 475]
(68,74)[492]
(68,72)[175]
(68,79)[6]
(68,64)[133]
(68,65)[89]
(68,91)[310]
(25,1)[402]
(68,88)[89]
(25,4)[88]
(68,82)[387]
(25,10)[424]
(25,15)[230]
(25,14)[99]
(25,18)[385, 458]
(25,23)[60]
(68,96)[5]
(68,97)[286]
(68,100)[6, 310]
(59,11)[219, 399]
(25,38)[141]
(59,14)[8]
(59,4)[82]
(59,24)[14, 89]
(25,49)[369]
(59,30)[98]
(25,59)[56]
(25,58)[38]
(59,16)[282]
(25,57)[100, 178]
(59,19)[345]
(25,56)[304]
(25,63)[225]
(25,62)[212]
(25,61)[123]
(25,60)[464]
(93,15)[310]
(93,10)[264]
(25,70)[423]
(25,69)[29, 370]
(59,47)[107]
(25,68)[429]
(93,9)[107]
(59,33)[333]
(59,32)[294]
(25,73)[438]
(25,72)[308]
(25,79)[363]
(59,37)[208, 291]
(59,56)[97]
(93,26)[349]
(93,27)[271]
(59,49)[233]
(25,95)[359]
(25,99)[235]
(59,73)[199, 406, 423]
(93,46)[116]
(25,97)[146]
(25,96)[368]
(59,76)[119, 225]
(93,41)[487]
(59,66)[344]
(93,34)[134]
(59,68)[307]
(93,32)[149]
(59,70)[162]
(59,88)[111]
(16,6)[66]
(93,58)[362]
(93,59)[333]
(93,56)[402]
(59,81)[69]
(59,80)[265]
(93,55)[41]
(93,52)[21]
(93,50)[140]
(59,84)[376]
(93,48)[475]
(16,13)[441]
(16,16)[140]
(93,70)[195]
(93,71)[381]
(16,30)[218, 318]
(93,67)[120]
(93,64)[149]
(16,29)[459]
(50,6)[500]
(93,95)[132]
(50,5)[387]
(16,38)[226]
(50,3)[233]
(50,1)[133]
(16,42)[61]
(50,14)[225]
(50,12)[46]
(93,82)[338]
(93,81)[108]
(16,54)[191]
(50,19)[274]
(16,55)[254]
(16,53)[330]
(16,58)[239, 328]
(50,31)[336]
(50,30)[146]
(16,56)[451]
(50,28)[198]
(16,62)[96]
(50,27)[183, 321]
(93,98)[13, 226]
(50,39)[276]
(50,38)[228]
(16,65)[391]
(84,15)[403]
(84,9)[479]
(16,68)[227, 346]
(84,4)[287]
(16,73)[37]
(84,7)[491]
(16,78)[22]
(84,1)[273, 429]
(84,30)[116, 361]
(16,81)[151]
(50,51)[323]
(50,48)[79]
(16,90)[225]
(84,20)[304]
(16,91)[137]
(84,23)[217]
(50,59)[115]
(16,92)[214]
(84,18)[195]
(16,100)[414]
(84,36)[218, 376, 474]
(84,37)[163]
(50,77)[389]
(84,39)[308]
(50,75)[313]
(7,3)[120, 322]
(7,2)[375]
(7,5)[310]
(7,13)[81]
(84,49)[23]
(50,88)[200]
(7,17)[475]
(7,18)[217]
(84,64)[182]
(7,31)[484]
(41,2)[254]
(84,91)[498]
(41,14)[291]
(84,84)[201]
(84,81)[289]
(7,46)[123]
(41,22)[22]
(7,50)[401]
(7,53)[63]
(7,57)[242]
(41,30)[233]
(84,98)[299]
(7,62)[405]
(41,25)[16, 220]
(41,39)[270, 299]
(75,10)[459]
(41,37)[6]
(7,69)[201, 384]
(41,32)[298]
(75,12)[328]
(7,73)[25]
(75,3)[87]
(41,47)[163]
(41,42)[273]
(75,7)[213, 476]
(41,43)[183]
(75,5)[342]
(41,54)[389]
(75,27)[385]
(7,83)[232]
(41,53)[348]
(75,31)[282, 354, 355]
(75,29)[112]
(7,86)[66]
(41,62)[447]
(41,63)[449]
(7,92)[267, 411]
(75,22)[65]
(75,21)[261, 322, 410]
(41,57)[304]
(41,70)[485]
(75,43)[180]
(7,98)[422, 454]
(75,47)[448]
(75,46)[476]
(41,78)[36, 390]
(41,79)[101]
(41,76)[255]
(41,74)[313]
(41,75)[364, 409]
(41,84)[112]
(41,85)[275, 379]
(41,94)[234]
(75,50)[425]
(41,90)[184]
(41,91)[242]
(75,54)[311]
(41,88)[84]
(75,73)[150]
(75,77)[137, 272]
(75,66)[421]
(75,70)[284]
(75,90)[461]
(75,95)[294]
(32,14)[107, 172]
(75,86)[85]
(32,11)[386]
(32,22)[236]
(32,19)[182, 292]
(32,30)[188, 200, 402]
(32,24)[204]
(32,27)[180]
(75,100)[265]
(32,36)[479]
(66,8)[143, 343]
(32,32)[68, 386]
(66,12)[175]
(66,13)[339]
(32,45)[83]
(66,1)[458]
(32,40)[436]
(32,41)[252]
(66,4)[107, 217]
(32,52)[123]
(66,26)[138]
(32,48)[325]
(66,28)[189]
(32,51)[348]
(32,60)[51, 285]
(100,15)[182]
(32,70)[125, 146]
(32,71)[322]
(66,46)[344]
(100,11)[149, 343]
(32,66)[182]
(100,9)[235]
(32,76)[296]
(66,32)[260]
(100,4)[284, 426]
(100,2)[185]
(32,86)[217]
(32,80)[89]
(66,62)[29]
(32,82)[162]
(100,24)[347]
(32,92)[202]
(100,20)[362]
(66,53)[22, 275]
(100,42)[453]
(32,98)[20]
(66,66)[313]
(100,38)[500]
(66,65)[211, 394]
(100,35)[166]
(66,68)[267]
(100,33)[259]
(66,69)[171]
(23,3)[63]
(100,63)[320]
(66,91)[316]
(23,1)[453]
(100,60)[135]
(66,94)[75]
(23,5)[468]
(66,82)[346]
(100,55)[145]
(66,87)[215]
(100,49)[498]
(66,85)[78]
(100,48)[483, 496]
(100,79)[296]
(23,18)[319]
(100,78)[409]
(23,17)[13, 482]
(100,77)[279]
(23,21)[55]
(100,70)[270, 413]
(23,25)[385]
(23,24)[357]
(66,97)[191]
(100,68)[476]
(23,30)[215]
(66,100)[130]
(100,94)[177, 282]
(57,10)[423]
(100,93)[139]
(23,32)[43]
(100,91)[232]
(23,38)[35]
(100,90)[178]
(23,37)[466]
(100,87)[71]
(57,2)[401]
(57,3)[467]
(100,82)[273]
(23,44)[57]
(23,51)[139]
(23,50)[340]
(57,25)[102]
(23,54)[448]
(57,29)[173]
(57,30)[56]
(23,59)[11]
(57,16)[201]
(23,57)[200]
(57,18)[235]
(23,62)[218]
(23,60)[99]
(57,23)[46, 102]
(57,40)[392]
(23,64)[231]
(91,9)[379]
(91,8)[433]
(57,47)[69]
(57,32)[228, 434]
(91,5)[260]
(23,74)[280]
(57,33)[45]
(57,35)[142, 476]
(23,79)[368]
(57,56)[67, 113]
(23,82)[327]
(23,81)[118, 202]
(57,58)[440]
(57,59)[467]
(91,30)[478]
(57,61)[68]
(91,27)[88]
(23,84)[199, 200]
(91,26)[398]
(23,90)[13]
(23,89)[255]
(57,51)[12]
(23,95)[24, 78]
(91,17)[44, 63, 424]
(57,53)[390]
(91,19)[17]
(57,77)[468]
(57,78)[105]
(23,100)[177]
(57,67)[391]
(91,38)[29, 413]
(91,33)[339]
(57,69)[51]
(91,34)[111]
(57,88)[448]
(91,60)[348]
(14,1)[150]
(14,7)[173]
(57,94)[26]
(91,58)[360]
(57,82)[149]
(91,54)[379]
(14,15)[136, 297]
(57,85)[95]
(14,16)[198]
(57,96)[163]
(14,27)[423]
(91,68)[229]
(57,100)[192, 322]
(91,65)[331]
(91,67)[12]
(48,5)[243]
(48,4)[368]
(48,3)[247]
(48,2)[304]
(91,91)[237]
(14,37)[166]
(91,80)[150]
(14,44)[457]
(48,8)[251]
(14,49)[342]
(48,20)[400]
(48,16)[410]
(14,58)[66]
(14,59)[44]
(48,29)[361]
(48,28)[79]
(14,62)[425]
(48,27)[64]
(48,26)[458]
(91,96)[431]
(14,60)[367]
(82,12)[378]
(48,38)[364]
(48,36)[373, 424]
(14,70)[410]
(48,33)[500]
(82,10)[4]
(14,69)[195]
(14,74)[498]
(48,47)[499]
(14,75)[346]
(82,6)[249]
(48,53)[468]
(82,30)[401]
(14,81)[152]
(48,52)[258]
(82,31)[255]
(48,51)[462]
(14,87)[229]
(48,50)[166]
(82,26)[399]
(82,27)[130, 287]
(48,63)[194]
(14,88)[380]
(48,57)[165]
(48,70)[451]
(14,96)[441]
(82,46)[40]
(48,65)[90]
(48,64)[170]
(48,79)[99]
(82,61)[111, 331]
(48,82)[477]
(48,80)[146]
(5,8)[219]
(82,54)[157, 274]
(5,11)[5]
(48,92)[490]
(82,49)[52]
(5,15)[139, 255, 272, 428]
(82,76)[286]
(82,77)[169, 296]
(82,78)[398]
(82,68)[10]
(5,27)[345, 468]
(5,29)[100]
(5,33)[390]
(39,7)[383]
(39,6)[414]
(82,95)[168]
(5,36)[229]
(39,12)[211]
(5,42)[440]
(39,15)[189]
(5,43)[11]
(82,87)[52]
(5,45)[55]
(82,83)[116]
(39,19)[410]
(39,18)[411]
(5,56)[6]
(39,31)[157]
(5,60)[152]
(39,25)[63]
(5,62)[386, 475]
(5,63)[234, 399]
(5,65)[281]
(73,9)[87]
(39,38)[272]
(5,68)[57, 64, 146]
(73,15)[483]
(39,35)[296]
(5,71)[172]
(39,34)[424]
(73,12)[35]
(5,73)[26]
(39,47)[6]
(73,1)[11]
(39,46)[477]
(73,7)[373]
(39,40)[47]
(73,27)[340]
(5,81)[5]
(39,49)[360]
(73,30)[366]
(39,50)[330]
(73,28)[334, 485]
(73,18)[254]
(5,91)[79]
(5,92)[186]
(39,57)[362]
(39,56)[421]
(5,95)[324]
(39,69)[12]
(73,42)[462]
(39,71)[27, 126, 140]
(39,70)[41]
(73,46)[313]
(39,77)[457]
(73,34)[232]
(73,33)[40]
(39,75)[193]
(39,74)[57, 268, 283]
(73,59)[160]
(39,80)[363]
(39,93)[217]
(73,50)[345]
(73,48)[89]
(73,52)[385]
(39,96)[186]
(73,65)[36, 261]
(73,71)[302]
(73,69)[254]
(73,93)[183]
(30,13)[440]
(30,15)[229]
(30,9)[133]
(73,86)[36, 213]
(73,85)[267, 371]
(30,24)[253, 466]
(73,100)[182]
(64,15)[77]
(30,35)[404]
(64,4)[288]
(64,6)[316]
(64,27)[500]
(64,29)[125]
(30,50)[109]
(64,17)[94, 96]
(30,61)[198]
(64,19)[8]
(30,63)[376]
(64,18)[398]
(30,68)[28]
(64,41)[220]
(98,13)[446]
(64,33)[111]
(98,7)[309]
(98,4)[145]
(30,79)[332]
(64,34)[498]
(64,37)[314]
(98,2)[11]
(64,36)[111]
(98,3)[170]
(64,39)[296, 436]
(64,56)[390]
(30,87)[30, 345, 485]
(64,61)[155, 281]
(98,26)[362]
(64,60)[52, 496]
(98,27)[119, 160]
(64,63)[371]
(98,25)[91]
(30,94)[426, 482]
(64,51)[486]
(98,20)[23, 275]
(30,95)[236]
(30,88)[421]
(64,53)[434]
(64,52)[304]
(98,19)[108, 119]
(64,55)[119]
(98,17)[443]
(64,72)[297]
(98,47)[465]
(98,44)[182]
(30,96)[198]
(64,79)[319]
(30,99)[409]
(64,78)[16]
(98,41)[177]
(98,38)[375]
(98,39)[500]
(64,67)[230, 334]
(98,36)[433]
(98,62)[499]
(98,63)[447]
(64,91)[161]
(98,60)[304]
(64,93)[257]
(98,54)[446]
(21,15)[430]
(98,78)[237]
(21,23)[304]
(98,70)[251]
(64,96)[46]
(98,69)[291]
(21,31)[98, 385]
(98,66)[180]
(21,30)[82]
(55,9)[138]
(98,95)[160]
(55,13)[126]
(21,43)[416]
(55,1)[187, 476]
(98,84)[137]
(98,85)[489]
(55,7)[107]
(98,81)[166]
(21,51)[395]
(55,26)[168]
(55,28)[389]
(21,54)[38]
(55,29)[356]
(21,56)[404]
(21,61)[83]
(55,22)[367]
(98,97)[252]
(55,40)[444]
(55,41)[258]
(89,12)[464]
(89,15)[457]
(21,64)[244]
(55,43)[343]
(89,9)[495]
(55,45)[355]
(55,32)[90]
(55,34)[310]
(55,36)[274]
(21,76)[416]
(55,57)[441]
(55,59)[371]
(89,25)[377]
(89,24)[401]
(55,62)[22]
(89,26)[321]
(89,21)[64]
(89,20)[14]
(21,89)[393]
(21,95)[167]
(21,94)[452]
(55,54)[189, 215, 473]
(89,45)[262, 326]
(89,38)[197]
(89,33)[452]
(55,70)[357]
(12,1)[247]
(55,89)[280, 321]
(89,63)[82, 493]
(12,2)[319]
(12,4)[409]
(89,56)[243, 405]
(55,94)[216]
(12,6)[261]
(55,95)[265]
(12,8)[25]
(89,55)[108]
(12,15)[342]
(89,51)[168]
(89,50)[206]
(12,17)[364]
(89,79)[239]
(12,23)[120]
(12,22)[125]
(12,26)[233]
(89,70)[416]
(55,100)[480]
(89,65)[191]
(12,31)[369]
(89,93)[367]
(12,35)[5]
(12,37)[343]
(46,3)[75, 408]
(89,88)[122]
(46,1)[452]
(89,90)[43, 93]
(12,41)[382]
(12,42)[400]
(12,45)[116]
(89,81)[37]
(12,47)[291]
(12,46)[458]
(89,82)[448]
(12,49)[431]
(12,48)[297]
(12,51)[467]
(46,17)[252]
(46,30)[455]
(89,100)[391]
(12,59)[2]
(46,29)[17]
(46,27)[250, 458]
(89,99)[215]
(12,62)[442]
(89,98)[43]
(46,39)[479]
(46,38)[382]
(80,13)[361]
(46,37)[160]
(80,11)[271]
(12,73)[356]
(46,46)[214]
(80,5)[154, 446]
(12,75)[199]
(12,74)[102, 144]
(46,44)[105]
(12,76)[64]
(80,3)[246]
(46,55)[120]
(46,51)[108, 275]
(46,50)[215]
(12,87)[42]
(80,27)[303]
(46,63)[457]
(46,62)[208, 240]
(12,91)[341, 400]
(46,61)[10]
(12,90)[113]
(80,17)[287]
(46,67)[243]
(12,100)[198, 330]
(46,66)[283]
(46,78)[60]
(80,37)[260]
(46,77)[274]
(80,38)[404]
(46,76)[139]
(46,74)[170]
(80,35)[145]
(80,62)[223]
(46,83)[242]
(3,5)[302]
(46,81)[448]
(46,93)[361]
(80,54)[63]
(3,11)[390]
(46,91)[130, 203]
(46,89)[426]
(3,15)[406]
(80,78)[174]
(46,99)[453]
(46,97)[48]
(46,96)[194]
(80,70)[184]
(3,31)[467]
(80,67)[214]
(3,33)[185]
(3,34)[53]
(80,94)[95]
(37,3)[280, 283, 354]
(80,91)[186, 212]
(3,40)[196]
(80,84)[418]
(37,9)[284]
(80,82)[476]
(3,47)[232]
(37,10)[321]
(3,51)[3]
(3,53)[89]
(37,19)[13]
(3,55)[46]
(37,18)[249]
(37,28)[371]
(37,30)[227]
(37,25)[433]
(80,98)[485]
(37,39)[298, 392]
(3,67)[140]
(37,38)[104, 243]
(71,9)[261]
(3,68)[276]
(3,69)[84]
(37,35)[240]
(71,12)[409]
(71,13)[77, 345]
(37,45)[165]
(71,2)[92, 337]
(71,1)[3, 400]
(71,6)[334]
(37,43)[80]
(71,5)[489]
(71,26)[60, 278]
(3,82)[199]
(3,85)[164]
(3,87)[257]
(71,29)[245]
(3,89)[99]
(71,19)[11]
(3,90)[26]
(3,91)[24]
(71,17)[358]
(3,92)[382]
(71,23)[84]
(37,59)[62]
(71,21)[218]
(3,98)[109]
(37,66)[414]
(37,79)[299, 413]
(71,38)[118]
(71,36)[198]
(71,58)[152]
(71,59)[6]
(37,80)[159]
(71,51)[292]
(37,95)[331]
(71,48)[143, 376]
(71,49)[362]
(71,54)[150]
(71,52)[437]
(37,100)[21]
(71,76)[125, 455]
(37,98)[22]
(71,65)[346]
(28,1)[163]
(71,82)[102]
(71,83)[413]
(71,80)[457]
(28,9)[18]
(71,99)[84, 132]
(71,97)[57]
(28,25)[19, 47]
(62,8)[3]
(62,11)[95]
(62,13)[450]
(28,33)[488]
(62,12)[109]
(62,14)[240, 391]
(28,45)[207]
(28,46)[322]
(28,41)[390]
(62,4)[38]
(28,53)[151]
(62,27)[91]
(62,29)[497]
(62,31)[124, 379]
(28,61)[408]
(62,18)[123]
(62,20)[209]
(62,41)[231]
(96,15)[477]
(62,43)[72]
(96,13)[78]
(96,10)[296]
(96,11)[125]
(62,46)[32]
(28,76)[111]
(96,4)[427]
(62,36)[204]
(28,74)[33]
(28,75)[386]
(96,1)[128]
(96,31)[337]
(96,29)[43]
(96,26)[479]
(62,49)[416]
(96,22)[74]
(28,91)[26]
(62,54)[489]
(62,73)[401]
(62,75)[24]
(96,45)[146]
(96,42)[499]
(62,76)[252]
(62,79)[362]
(96,36)[490]
(96,34)[96, 298]
(62,70)[401]
(19,2)[361]
(96,63)[283]
(96,60)[382]
(62,90)[187]
(96,58)[414]
(62,92)[227]
(62,95)[83]
(19,5)[493]
(96,57)[270]
(19,14)[324, 496]
(96,50)[257]
(62,84)[248]
(96,49)[327]
(19,20)[405]
(19,21)[152, 276]
(96,73)[450]
(62,97)[475]
(96,68)[294]
(19,31)[75]
(62,100)[315]
(19,35)[379, 489]
(53,10)[214]
(53,12)[69]
(96,90)[166]
(96,91)[441]
(53,14)[444]
(96,88)[169]
(53,15)[242]
(53,1)[146]
(96,84)[277, 291]
(53,3)[124]
(96,85)[339]
(53,7)[406]
(53,25)[346]
(19,48)[275]
(53,26)[424]
(19,54)[163]
(53,28)[229]
(53,16)[34]
(53,20)[336]
(96,99)[73]
(19,60)[69]
(53,22)[254]
(96,96)[95, 234]
(19,61)[460]
(53,23)[447]
(96,97)[371]
(19,67)[81]
(53,41)[21, 341]
(19,64)[254, 315]
(87,15)[38]
(87,14)[303]
(19,70)[360]
(53,44)[419]
(87,9)[466]
(53,45)[477, 480]
(53,46)[234]
(19,74)[375]
(87,5)[10, 47]
(19,72)[391]
(87,7)[421]
(53,35)[168, 352]
(87,28)[434]
(19,80)[344]
(53,60)[11]
(19,84)[319, 324]
(19,85)[425]
(53,63)[459]
(87,20)[234]
(19,88)[103]
(87,22)[338]
(87,17)[64]
(19,92)[69, 174]
(87,19)[24]
(19,93)[68]
(53,55)[126]
(19,98)[111]
(53,75)[118]
(53,77)[44]
(19,100)[149]
(87,43)[113, 155, 172]
(53,79)[453]
(53,64)[46]
(87,35)[195, 363]
(87,34)[126, 400, 413]
(87,61)[267]
(53,89)[253]
(10,3)[429]
(53,90)[127, 167]
(87,62)[189]
(53,93)[107]
(10,6)[447]
(53,95)[50]
(53,80)[440]
(10,16)[155]
(10,18)[53]
(10,20)[387]
(87,74)[197]
(87,69)[400]
(10,27)[159]
(53,98)[108]
(10,26)[131, 460]
(87,67)[361]
(44,6)[53]
(87,92)[443]
(44,5)[196]
(87,89)[313]
(44,3)[227]
(87,91)[64, 319]
(87,90)[206]
(10,45)[478]
(44,10)[54]
(10,47)[477]
(44,8)[83]
(44,22)[107]
(44,20)[105]
(10,52)[315]
(10,56)[378]
(87,100)[387]
(10,62)[92, 121]
(10,65)[185]
(78,11)[379]
(78,10)[196]
(78,8)[254]
(78,15)[474]
(10,71)[402]
(10,72)[311]
(44,44)[401]
(10,74)[80]
(78,6)[81]
(44,41)[302]
(78,4)[425]
(78,27)[435]
(10,83)[220]
(44,52)[209, 476]
(44,50)[33]
(44,51)[40]
(78,30)[33]
(44,49)[230]
(10,88)[458]
(10,91)[337]
(10,90)[443]
(78,16)[37]
(10,93)[283]
(44,70)[470]
(10,96)[145]
(44,71)[385]
(10,98)[322]
(44,65)[81]
(44,79)[164, 291]
(78,34)[135]
(1,1)[219]
(78,57)[142]
(44,85)[348]
(78,56)[47]
(78,63)[346]
(78,61)[231, 372]
(1,7)[21]
(44,94)[41]
(1,10)[360]
(78,48)[174]
(1,14)[429]
(44,88)[16]
(44,89)[353]
(78,75)[436]
(78,73)[414]
(78,79)[157]
(44,99)[311]
(1,24)[452]
(78,67)[1]
(78,66)[104]
(1,26)[310]
(78,65)[9]
(78,70)[122]
(1,30)[284]
(78,68)[243]
(1,34)[92]
(78,89)[96]
(1,35)[480]
(35,6)[103]
(78,95)[114]
(35,2)[424]
(78,81)[404]
(1,43)[202]
(35,14)[268]
(78,80)[327]
(1,44)[489]
(78,86)[385]
(78,84)[299]
(1,49)[57]
(1,50)[359]
(35,23)[27, 321]
(1,51)[458]
(35,17)[430]
(35,16)[29, 391]
(1,57)[216]
(35,24)[453]
(35,27)[224]
(78,100)[420]
(1,64)[124]
(1,66)[348]
(1,67)[413]
(1,69)[253]
(69,13)[321]
(35,45)[158]
(1,77)[105]
(35,43)[96]
(35,52)[51]
(35,55)[109]
(69,25)[113]
(35,48)[34]
(1,86)[63]
(1,88)[130]
(35,60)[434]
(69,21)[102]
(1,96)[375]
(1,97)[202]
(35,71)[455]
(1,99)[27]
(35,70)[338]
(69,41)[431]
(1,100)[164, 316]
(69,47)[378]
(35,73)[426]
(35,72)[35]
(35,84)[281]
(35,87)[185]
(35,86)[12]
(69,57)[447]
(69,60)[143]
(35,92)[381]
(35,94)[190]
(69,49)[456]
(35,88)[77]
(35,90)[382]
(35,100)[478]
(69,75)[483]
(35,99)[10]
(69,65)[164, 453]
(69,91)[168]
(26,1)[36]
(69,88)[49, 215]
(26,7)[404]
(26,5)[90, 460, 483]
(26,4)[254]
(26,15)[426]
(26,20)[214]
(26,26)[306]
(26,31)[375]
(26,28)[56]
(60,8)[342]
(26,38)[309]
(26,43)[40]
(60,2)[311, 438]
(26,47)[288]
(60,7)[63]
(60,30)[310]
(26,57)[234, 331]
(26,62)[4, 497]
(60,20)[235, 459]
(60,22)[61, 311]
(26,67)[96]
(60,40)[226]
(94,12)[222]
(60,47)[369]
(60,34)[89]
(26,79)[474]
(60,37)[422]
(26,78)[333, 401]
(60,36)[6, 310]
(60,39)[103]
(26,76)[5]
(26,82)[26, 29]
(94,31)[176]
(26,80)[466]
(60,58)[298]
(60,61)[473]
(94,26)[489]
(26,86)[5]
(26,91)[93]
(94,22)[66]
(26,90)[460]
(94,20)[483]
(94,21)[209]
(60,53)[496]
(60,52)[190]
(60,54)[3]
(60,73)[408]
(94,42)[313]
(60,79)[165]
(60,67)[143]
(94,36)[195]
(94,37)[187]
(60,90)[313]
(60,92)[257]
(17,10)[354]
(60,81)[77]
(60,80)[260]
(94,52)[247]
(17,9)[286]
(94,49)[420]
(17,17)[495]
(94,77)[283]
(94,74)[233]
(17,21)[389]
(60,98)[250]
(60,100)[472]
(94,64)[38]
(17,29)[355]
(17,32)[293, 411]
(51,5)[329]
(94,92)[149]
(51,4)[195]
(17,36)[266, 286]
(94,88)[394]
(17,41)[219]
(51,12)[260]
(94,85)[151, 441]
(17,44)[499]
(17,50)[292]
(17,51)[51]
(17,48)[380]
(17,54)[172]
(51,19)[419]
(94,100)[254]
(17,62)[64]
(94,96)[360]
(85,13)[114]
(17,64)[103]
(51,37)[15]
(85,14)[484]
(51,35)[217]
(85,10)[256]
(85,11)[180]
(17,74)[346, 476]
(51,44)[496]
(51,43)[330]
(51,41)[227, 422]
(85,2)[145]
(51,40)[185]
(51,52)[159]
(51,62)[435]
(85,23)[297]
(51,58)[104]
(51,57)[251]
(17,98)[311]
(17,99)[447]
(85,46)[169]
(51,77)[46]
(51,76)[117, 451]
(85,39)[491]
(51,74)[390]
(51,87)[401]
(85,61)[165]
(8,5)[20, 24]
(51,83)[345]
(51,82)[392]
(8,6)[344]
(85,59)[422]
(51,93)[50]
(85,54)[432]
(51,91)[272]
(8,15)[26]
(8,14)[163]
(51,99)[128]
(85,72)[263]
(51,98)[446]
(85,70)[173]
(42,7)[127]
(42,2)[148]
(8,38)[421]
(42,14)[122]
(8,40)[147]
(42,15)[303]
(8,43)[273]
(85,86)[489, 491]
(8,42)[135]
(85,87)[69]
(8,45)[89]
(85,80)[22, 207]
(85,81)[29]
(42,23)[315]
(8,57)[291]
(42,30)[400]
(8,58)[74]
(42,38)[185]
(76,11)[438]
(42,35)[301]
(76,14)[425]
(42,33)[329]
(8,73)[347]
(8,72)[220]
(42,44)[180]
(76,6)[379]
(8,78)[68]
(76,4)[118]
(76,25)[298]
(42,53)[339]
(76,24)[277]
(42,62)[44, 68]
(76,19)[389]
(8,88)[53]
(42,61)[272, 451]
(76,16)[276]
(76,23)[233]
(76,22)[6]
(8,94)[111]
(42,57)[463]
(76,20)[101]
(76,43)[178]
(8,99)[20, 138]
(42,69)[376]
(42,66)[255]
(76,45)[490]
(42,79)[335]
(42,73)[359]
(42,87)[26]
(76,57)[493]
(42,83)[419]
(42,95)[126]
(76,49)[146]
(42,90)[90]
(76,55)[111, 226]
(76,54)[44]
(42,88)[382]
(76,52)[48]
(42,97)[46, 440]
(76,65)[270]
(76,64)[125]
(76,69)[26]
(76,91)[40]
(33,4)[274]
(33,7)[62, 296, 307, 415]
(33,6)[412]
(76,88)[330]
(76,92)[205]
(76,81)[217]
(76,87)[225, 467]
(76,85)[150]
(76,99)[117]
(76,96)[90]
(33,24)[434]
(67,10)[263]
(67,11)[70]
(33,39)[352]
(33,35)[344]
(67,12)[184]
(33,48)[265]
(67,31)[43]
(33,50)[13, 405]
(33,61)[63]
(67,16)[479]
(33,57)[184, 298]
(33,56)[240]
(67,20)[206, 315]
(33,58)[329]
(33,68)[334]
(67,40)[401]
(33,67)[29]
(67,44)[33, 193]
(67,45)[191, 226, 321]
(33,78)[93]
(33,73)[88, 334]
(67,39)[375]
(67,37)[13, 205]
(67,58)[107, 112]
(67,59)[51]
(33,86)[293]
(67,61)[360]
(33,88)[232]
(33,99)[95, 143]
(67,77)[43, 179]
(67,64)[225, 327]
(67,71)[87]
(67,68)[152]
(67,69)[246]
(67,90)[253]
(24,2)[127, 258]
(24,6)[166]
(67,95)[184]
(24,11)[57]
(67,87)[480]
(67,84)[293]
(24,12)[12]
(24,18)[176, 205]
(24,16)[270]
(67,99)[66]
(24,25)[347]
(24,28)[101, 430]
(24,35)[421]
(24,33)[204]
(24,32)[199]
(58,11)[230]
(24,43)[217]
(24,46)[103]
(24,45)[176, 459]
(24,51)[184]
(24,50)[423]
(58,25)[151]
(58,27)[441]
(58,29)[455]
(24,53)[357]
(24,52)[260]
(58,17)[308]
(58,20)[446]
(24,62)[496]
(58,22)[396]
(92,15)[119, 185]
(58,43)[240]
(92,6)[145]
(24,73)[227]
(92,5)[190]
(58,36)[31]
(92,3)[165]
(58,38)[89]
(24,76)[233]
(58,39)[252, 363]
(24,81)[333]
(24,80)[263]
(92,29)[239]
(58,63)[475]
(58,49)[134]
(24,89)[180]
(24,88)[404]
(92,21)[257]
(24,93)[135]
(58,55)[486]
(92,47)[368]
(58,74)[249]
(24,96)[72]
(58,64)[443]
(92,38)[304]
(58,66)[375]
(58,67)[38]
(92,34)[233]
(58,71)[351]
(92,33)[38]
(92,60)[364, 488]
(15,1)[297]
(58,91)[155]
(15,7)[261]
(58,81)[297]
(92,52)[268]
(58,83)[367]
(58,84)[53, 388]
(58,87)[220]
(15,16)[69]
(92,75)[100]
(15,21)[178]
(15,27)[12]
(92,71)[391]
(58,99)[469]
(15,31)[430]
(92,67)[169]
(15,28)[316]
(92,65)[468]
(15,34)[155]
(15,35)[362]
(49,6)[184]
(92,92)[435]
(15,33)[233]
(49,3)[340]
(49,1)[131]
(49,15)[472]
(15,40)[117]
(49,12)[253]
(15,47)[373]
(15,45)[163]
(49,8)[389]
(49,22)[248]
(49,16)[149]
(15,62)[355]
(92,99)[330]
(92,96)[206]
(49,24)[481]
(15,66)[168]
(83,12)[363]
(49,36)[10]
(83,11)[99, 414, 458]
(49,47)[12]
(49,45)[213]
(15,79)[257]
(49,42)[127]
(15,77)[82]
(83,3)[485]
(83,28)[234]
(83,29)[430]
(15,81)[19, 269]
(15,87)[360]
(15,84)[69, 264]
(83,20)[18]
(83,22)[381]
(15,94)[439]
(49,59)[456]
(15,95)[253]
(83,17)[160]
(49,56)[296]
(15,98)[143]
(49,70)[175]
(83,41)[5]
(49,65)[27, 161]
(49,64)[171]
(83,36)[8]
(83,39)[248]
(49,74)[475]
(83,33)[467]
(49,72)[333]
(83,35)[499]
(83,63)[94]
(49,82)[350]
(49,80)[111]
(83,59)[311]
(6,8)[126]
(49,91)[229, 425]
(6,13)[388]
(49,90)[277]
(6,14)[409]
(6,17)[279, 379]
(83,79)[421]
(49,99)[11, 479]
(83,75)[91]
(6,25)[207]
(6,26)[311]
(83,70)[14, 180]
(6,27)[362]
(83,71)[282]
(83,64)[319]
(6,30)[151, 201, 280]
(83,66)[248]
(6,32)[313]
(83,92)[83]
(6,33)[397]
(40,5)[103]
(6,36)[441]
(40,3)[8]
(6,39)[49]
(40,1)[263]
(6,40)[150, 426]
(6,41)[230]
(6,44)[294]
(40,8)[36, 485]
(6,50)[95, 347]
(6,51)[30]
(40,16)[263]
(40,17)[397]
(40,30)[78]
(83,100)[334]
(6,57)[411]
(40,28)[122]
(83,96)[447]
(6,61)[189]
(40,25)[180, 398]
(6,64)[354, 405]
(6,67)[454]
(6,69)[388]
(40,44)[190]
(6,77)[345]
(40,43)[321]
(74,6)[29]
(40,40)[56]
(74,5)[398]
(40,41)[26, 447]
(40,55)[395]
(74,25)[139, 380]
(6,83)[294]
(40,48)[27]
(74,18)[362]
(74,17)[309, 411]
(6,93)[392]
(40,56)[426]
(74,20)[119]
(6,96)[140]
(74,43)[90]
(74,41)[299]
(74,47)[400]
(40,64)[290]
(74,45)[395]
(40,65)[417]
(74,44)[153]
(74,34)[184]
(74,57)[295]
(40,82)[209, 486]
(74,62)[416]
(40,80)[21]
(40,93)[286]
(74,54)[151]
(74,75)[315]
(74,74)[448]
(74,73)[240]
(74,76)[307, 499]
(74,64)[158]
(74,70)[376]
(74,91)[178]
(31,7)[57]
(31,1)[80]
(31,2)[406]
(31,13)[214]
(74,82)[412]
(31,15)[321]
(31,9)[396]
(31,17)[481]
(31,30)[37]
(31,25)[498]
(31,26)[372]
(31,37)[125]
(31,34)[275]
(65,15)[89, 330]
(65,3)[372]
(65,27)[240, 467]
(31,55)[24]
(65,29)[392]
(31,49)[448]
(31,61)[259]
(31,59)[292]
(31,64)[107]
(99,10)[322]
(31,66)[480]
(65,46)[151]
(99,8)[61, 296]
(31,76)[438]
(65,33)[377]
(31,79)[204]
(65,34)[331]
(99,3)[364]
(31,74)[343]
(31,84)[22]
(31,85)[10]
(99,29)[76, 351]
(65,58)[402]
(99,27)[392]
(31,81)[197]
(99,25)[169, 435]
(65,49)[379, 500]
(31,93)[386]
(31,94)[490]
(99,21)[415]
(99,18)[212]
(99,17)[363]
(65,54)[164]
(65,76)[403]
(65,64)[268]
(65,66)[275]
(65,69)[91, 335]
(99,35)[131]
(65,68)[374]
(99,34)[44]
(99,58)[303]
(22,5)[108]
(22,4)[235]
(65,94)[112]
(65,81)[303]
(99,55)[350]
(22,9)[231]
(65,83)[464]
(99,51)[473]
(22,14)[372]
(22,13)[444]
(65,86)[253]
(99,76)[396]
(22,23)[308]
(22,21)[282]
(99,72)[117]
(65,97)[13]
(99,70)[203]
(99,68)[460]
(65,100)[240]
(99,65)[174]
(56,9)[493]
(99,93)[486]
(22,32)[214]
(22,39)[128]
(99,90)[407]
(56,15)[452]
(99,88)[444]
(99,86)[39]
(22,40)[2]
(56,4)[164]
(99,81)[10]
(99,80)[390]
(56,24)[183]
(22,49)[364]
(56,18)[452]
(56,19)[394]
(22,63)[38, 364]
(56,21)[259, 476]
(99,97)[62]
(99,96)[302, 430]
(56,40)[31]
(90,13)[152]
(22,66)[493]
(56,43)[272]
(22,70)[232]
(90,10)[355]
(90,5)[166]
(22,74)[81, 297]
(56,34)[90]
(90,7)[25]
(22,77)[474]
(90,3)[20]
(56,56)[351]
(56,50)[486]
(90,23)[333]
(22,95)[216]
(22,99)[56]
(22,97)[90]
(90,47)[412]
(56,78)[146]
(90,37)[189]
(56,69)[69]
(90,32)[332, 452]
(13,1)[199]
(90,61)[8]
(13,3)[177]
(90,63)[102]
(56,91)[58]
(90,62)[8]
(90,56)[491]
(90,59)[301]
(13,6)[481]
(56,80)[248]
(56,81)[18]
(90,52)[240, 438]
(13,11)[284]
(13,13)[178]
(56,84)[36]
(13,12)[457, 490]
(13,15)[45]
(90,50)[217, 433]
(13,17)[113]
(90,73)[391]
(90,72)[77, 179]
(13,23)[225, 231]
(90,69)[372]
(90,68)[423]
(13,26)[24]
(13,28)[1]
(47,6)[430]
(47,5)[98]
(90,95)[348]
(90,94)[91, 315]
(90,90)[57, 67]
(13,41)[23]
(90,84)[148]
(13,42)[156, 264]
(13,44)[268]
(90,80)[3]
(47,21)[387]
(13,50)[386]
(47,19)[129]
(13,52)[376]
(90,100)[105]
(13,61)[150]
(47,27)[329, 348]
(90,96)[119]
(47,25)[281]
(13,65)[343]
(13,64)[108]
(13,68)[316]
(81,9)[344]
(47,33)[247]
(13,70)[440]
(81,11)[280]
(47,44)[146]
(13,77)[186]
(81,2)[227]
(13,81)[393, 489]
(47,54)[332]
(81,31)[40, 264]
(13,85)[369]
(47,51)[76]
(13,84)[268]
(13,87)[303]
(81,26)[404]
(13,86)[257]
(81,20)[132, 133]
(13,88)[302]
(81,21)[298]
(13,93)[127]
(47,59)[12]
(81,17)[122]
(47,57)[315]
(81,18)[267]
(13,94)[352]
(81,19)[225]
(81,44)[260]
(47,70)[177]
(47,69)[120]
(81,47)[27]
(81,40)[1, 475]
(81,36)[98]
(47,75)[224]
(81,32)[37]
(47,74)[10, 348]
(81,33)[3]
(47,72)[8]
(47,86)[291]
(47,85)[270]
(47,84)[34]
(81,63)[45]
(4,9)[471]
(47,94)[40]
(47,93)[117]
(47,92)[37]
(4,12)[77]
(81,48)[1]
(4,13)[169]
(47,90)[303, 371]
(81,49)[80]
(47,89)[68, 457]
(81,50)[96]
(4,16)[182]
(81,77)[9, 202]
(81,78)[373]
(47,99)[224]
(4,25)[485]
(4,27)[381]
(81,71)[93]
(4,30)[137]
(81,93)[327]
(81,94)[11]
(4,35)[317]
(4,36)[221]
(4,37)[386]
(81,91)[304]
(81,85)[180]
(38,15)[460]
(4,43)[170, 232]
(4,44)[173]
(38,23)[80]
(4,54)[62]
(38,18)[81]
(4,60)[330]
(4,61)[35]
(81,97)[95]
(4,62)[315]
(4,64)[143]
(4,65)[263]
(72,12)[79]
(4,75)[279]
(38,46)[68]
(72,1)[467]
(38,41)[98]
(72,6)[485]
(72,7)[70]
(38,43)[477]
(72,4)[434]
(4,79)[19]
(72,26)[431]
(4,81)[296]
(72,27)[327]
(72,18)[275]
(4,89)[75]
(4,90)[189]
(38,63)[78, 155]
(4,92)[43, 456]
(38,57)[445]
(72,22)[86, 377]
(38,56)[170]
(4,94)[24, 284]
(4,96)[257, 380]
(38,77)[231]
(72,34)[481]
(72,33)[460]
(72,39)[36]
(72,57)[483]
(72,62)[13]
(38,80)[121]
(72,60)[100]
(38,93)[165]
(72,54)[283]
(38,91)[286]
(72,75)[178, 486]
(72,72)[130]
(38,97)[260]
(38,99)[270]
(72,76)[388]
(38,98)[482]
(72,66)[438]
(72,67)[344]
(72,71)[229]
(72,68)[21, 96]
(29,5)[29, 396]
(72,91)[279]
(72,88)[165]
(29,13)[369]
(29,15)[159]
(29,8)[492]
(29,9)[353]
(29,10)[169]
(29,11)[429]
(29,20)[40]
(29,18)[83]
(29,29)[339]
(72,96)[458]
(72,97)[179]
(72,100)[40, 50]
(29,37)[9, 75]
(63,13)[465]
(29,33)[373]
(63,12)[365]
(29,35)[57]
(63,14)[198]
(63,1)[376]
(63,24)[78]
(29,54)[297]
(63,28)[476]
(63,31)[61]
(29,51)[61]
(29,63)[312]
(63,20)[197]
(63,22)[332]
(29,64)[17, 140, 197, 377]
(29,65)[357]
(97,11)[64]
(97,8)[477]
(29,67)[88]
(29,77)[248]
(63,32)[6]
(29,79)[466]
(63,37)[367]
(97,3)[355]
(29,74)[349]
(63,38)[145]
(63,56)[152]
(63,61)[411]
(29,82)[10, 25]
(29,92)[161]
(63,48)[467]
(97,20)[429]
(97,16)[304]
(63,54)[390]
(63,72)[257]
(97,47)[391]
(63,75)[341]
(97,44)[183]
(63,74)[279]
(63,79)[280]
(97,40)[273]
(63,65)[277, 279]
(63,64)[424]
(97,39)[91, 381]
(63,67)[307]
(63,88)[500]
(63,91)[332]
(97,58)[41]
(20,6)[322]
(63,92)[274]
(97,59)[31]
(63,94)[359]
(63,81)[109]
(63,80)[375]
(20,8)[388]
(63,82)[408]
(97,53)[229]
(63,85)[247, 274]
(97,48)[246]
(20,12)[270]
(97,78)[334]
(20,18)[69]
(97,79)[185]
(20,16)[72]
(20,23)[54]
(97,74)[345]
(63,96)[96]
(20,25)[200, 397]
(20,24)[355]
(63,100)[270]
(97,92)[377]
(97,90)[381]
(20,37)[3]
(54,2)[253, 459]
(97,84)[101]
(20,46)[107, 389, 395]
(97,80)[83]
(20,44)[34]
(54,7)[249]
(20,49)[239, 382]
(54,27)[316]
(20,52)[414]
(54,18)[106]
(97,100)[45]
(20,56)[11]
(20,63)[173]
(97,99)[398]
(20,61)[395]
(20,66)[133]
(88,15)[128, 218]
(20,64)[371]
(88,8)[37, 238]
(20,69)[229]
(20,68)[176, 373]
(20,79)[414]
(54,36)[295]
(54,37)[275]
(88,2)[55, 367]
(20,86)[464]
(54,61)[127]
(88,27)[102]
(54,53)[268]
(88,16)[123]
(20,93)[47]
(20,99)[12]
(54,72)[237]
(20,98)[455]
(54,73)[338]
(88,46)[83]
(88,40)[292]
(88,43)[316]
(54,79)[208]
(88,42)[164]
(54,67)[404]
(54,68)[379]
(88,35)[347, 482]
(54,90)[175]
(11,6)[392]
(54,80)[299]
(11,10)[16]
(88,54)[140]
(54,85)[201]
(54,86)[102]
(54,87)[176]
(11,17)[17]
(88,76)[263]
(11,21)[467]
(88,73)[183]
(11,20)[190]
(88,74)[333]
(11,24)[194]
(54,97)[143]
(88,71)[68]
(88,65)[364]
(45,5)[17, 332]
(11,36)[165]
(88,88)[479]
(88,91)[388]
(11,43)[483]
(45,12)[131]
(88,86)[402]
(45,22)[388]
(45,20)[178]
(11,50)[14]
(45,19)[279]
(11,55)[499]
(45,17)[8]
(11,59)[473]
(11,58)[375]
(11,61)[104]
(45,26)[34]
(88,97)[63, 118]
(88,96)[367]
(11,62)[334]
(45,36)[300]
(79,14)[482]
(11,69)[196, 297]
(11,68)[119, 240]
(11,71)[252]
(11,70)[404]
(11,73)[255, 319]
(45,47)[253]
(45,43)[228]
(79,1)[159]
(45,40)[63]
(11,78)[152]
(11,80)[243]
(45,52)[88, 276]
(45,51)[41]
(79,25)[23]
(11,87)[316, 317]
(11,88)[392]
(79,21)[118]
(45,61)[324]
(11,93)[252]
(45,70)[265]
(45,71)[216]
(11,98)[117]
(45,67)[258]
(79,36)[334, 430]
(45,77)[305]
(79,39)[373]
(79,32)[316]
(45,75)[61]
(45,73)[413]
(79,35)[395]
(45,86)[303]
(45,84)[162]
(2,3)[375]
(79,56)[294]
(79,59)[355]
(2,8)[426]
(45,94)[117, 481]
(79,53)[145, 360]
(2,11)[457]
(79,55)[249]
(79,48)[434]
(79,51)[231]
(79,78)[466]
(2,20)[151]
(45,98)[165]
(79,72)[230, 473]
(2,25)[60]
(79,65)[474]
(2,32)[414]
(36,5)[333]
(79,93)[24]
(2,34)[340]
(2,35)[95]
(79,95)[21]
(2,37)[348]
(79,89)[188]
(2,41)[357]
(79,87)[93]
(36,9)[43, 297]
(2,45)[3]
(79,81)[177, 307, 329]
(36,21)[78]
(2,52)[281]
(2,55)[286]
(2,57)[12]
(36,28)[247]
(2,58)[211]
(36,25)[135]
(79,96)[123, 474]
(36,24)[373]
(79,98)[60, 162]
(36,26)[92]
(79,99)[283]
(70,10)[57]
(36,36)[75, 423]
(70,8)[46]
(2,68)[232]
(36,33)[441]
(70,14)[473]
(2,70)[234]
(2,71)[192]
(36,45)[413]
(36,40)[336]
(70,7)[230]
(70,4)[71]
(70,5)[455]
(70,26)[71]
(36,49)[429]
(2,86)[50]
(70,28)[373]
(2,88)[119]
(36,62)[232]
(2,92)[424]
(2,93)[332]
(36,59)[178]
(36,69)[173]
(70,43)[24]
(70,41)[11]
(36,77)[409]
(36,78)[328]
(70,33)[392]
(36,72)[385, 486]
(70,57)[22]
(36,81)[220]
(70,60)[303]
(70,50)[313]
(36,95)[332]
(36,94)[7, 421]
(70,49)[126]
(36,88)[429]
(70,52)[500]
(36,98)[151, 255]
(70,77)[40, 363, 402]
(70,66)[332]
(70,67)[195]
(70,65)[180]
(70,71)[331]
(70,68)[118]
(70,69)[499]
(27,4)[204]
(27,5)[429]
(70,91)[195]
(27,1)[123]
(27,2)[446]
(27,10)[249]
(27,26)[178]
(27,27)[485]
(27,37)[54, 458]
(27,33)[160]
(61,1)[88]
(27,42)[45]
(27,53)[380]
(61,24)[20]
(27,48)[332]
(61,29)[200]
(27,49)[109]
(61,19)[56, 171]
(27,63)[390]
(27,56)[462]
(61,21)[197]
(61,41)[267]
(61,40)[140]
(61,43)[67]
(95,10)[382]
(61,44)[270]
(95,11)[328]
(27,76)[272, 331]
(95,6)[16, 294]
(27,72)[343]
(95,1)[290]
(95,28)[267]
(95,29)[140]
(27,81)[87]
(95,20)[220]
(27,88)[453]
(61,54)[483]
(95,44)[73]
(95,42)[351]
(27,97)[474]
(61,79)[170]
(61,65)[369]
(61,69)[479]
(61,70)[334]
(18,2)[23]
(18,1)[282]
(61,90)[98]
(95,61)[255]
(18,6)[434]
(61,93)[73]
(95,59)[399]
(95,56)[39]
(18,5)[341]
(95,54)[88, 170]
(61,80)[241]
(95,55)[342, 469]
(61,83)[291]
(95,53)[46, 90, 466]
(61,87)[409]
(61,86)[3]
(18,17)[130]
(95,75)[348]
(18,21)[388]
(95,70)[381]
(61,96)[210]
(18,24)[201]
(61,99)[172]
(61,98)[59, 354]
(95,66)[115]
(18,28)[360]
(18,29)[168, 473]
(52,7)[45]
(95,92)[46]
(52,4)[447]
(95,90)[416]
(18,43)[345]
(52,12)[410]
(95,82)[282, 396]
(18,45)[50]
(95,81)[209, 460]
(52,23)[377]
(18,51)[315]
(18,59)[186]
(52,26)[265]
(86,12)[43]
(52,37)[233, 234]
(52,36)[260]
(18,71)[91]
(18,69)[5]
(86,5)[65]
(18,75)[333]
(86,7)[145, 200]
(52,42)[138]
(52,40)[99]
(18,82)[362]
(52,55)[204]
(86,28)[183, 448]
(86,31)[74]
(86,30)[88]
(86,26)[388]
(52,61)[101]
(18,92)[342]
(86,19)[123]
(52,56)[386]
(86,44)[184]
(86,47)[264]
(52,66)[96]
(52,78)[407]
(86,36)[468]
(86,39)[424]
(52,76)[149]
(86,38)[400]
(9,2)[368]
(86,57)[225]
(9,4)[345]
(52,82)[104]
(52,95)[302]
(86,53)[486]
(52,94)[186]
(9,11)[8]
(9,10)[109]
(86,51)[90]
(9,17)[45]
(52,100)[277]
(9,23)[322]
(52,97)[294]
(86,75)[75]
(9,33)[110]
(43,6)[423]
(43,4)[182]
(43,5)[441]
(86,94)[181]
(43,3)[41]
(86,91)[125]
(43,1)[433]
(43,14)[395]
(86,85)[313]
(9,42)[144]
(86,86)[83]
(9,46)[152]
(9,54)[16]
(43,26)[419]
(43,27)[213]
(86,99)[16]
(9,62)[135]
(77,9)[100]
(43,37)[474]
(9,69)[166]
(77,14)[149, 446]
(43,32)[335]
(77,13)[91]
(9,75)[62]
(77,1)[443]
(9,77)[45]
(9,76)[431]
(77,6)[431]
(43,41)[150]
(9,80)[378]
(9,85)[179, 450]
(9,87)[493]
(9,86)[230]
(43,49)[104]
(77,28)[500]
(9,89)[242]
(43,60)[494]
(9,90)[130]
(43,56)[333]
(9,96)[78]
(77,42)[331, 445]
(77,41)[109, 430]
(9,98)[419]
(43,67)[118]
(43,64)[387]
(43,65)[408]
(77,44)[236]
(43,78)[172]
(43,77)[79]
(43,74)[150, 222, 477]
